631306050122
罗玉雨
42
39
47
42.7
631406010101
李颖赟
78
58
90
75.3
631406010102
莫天金
28
27
91
48.7
631406010103
吴国平
98
27
76
67.0
631406010104
孙文斌
32
80
22
44.7
631406010105
潘俊旭
91
61
30
60.7
631406010106
石佳磊
22
41
30
31.0
631406010107
赵权
43
79
78
66.7
631406010108
马鹏
55
81
29
55.0
631406010109
郭文浩
70
93
46
69.7
631406010110
李季
41
58
51
50.0
631406010111
陈仕豪
56
76
89
73.7
631406010112
杜菲
54
82
82
72.7
631406010113
李红兵
92
22
68
60.7
631406010114
蔡佳辰
73
43
43
53.0
631406010115
肖洒益
94
21
52
55.7
631406010116
连思璜
49
51
88
62.7
631406010117
伍凯荣
24
91
36
50.3
631406010118
张林
62
58
34
51.3
631406010119
王斌
44
94
91
76.3
631406010120
廖宇峰
62
72
55
63.0
631406010121
刘兴
94
92
25
70.3
631406010122
谭建
48
84
43
58.3
631406010123
左永和
61
74
97
77.3
631406010124
王增辉
37
62
36
45.0
631406010125
李芸倩
86
36
58
60.0
631406010127
次拉姆
38
43
80
53.7
631406010128
任中豪
61
85
91
79.0
631406010129
何泳桦
35
70
53
52.7
631406010130
张力
43
63
74
60.0
631406010131
任达
58
41
28
42.3
