631306050122
罗玉雨
42
39
47
42.7
631406010101
李颖赟
78
58
90
75.3
631406010102
莫天金
28
27
91
48.7
631406010103
吴国平
98
27
76
67.0
631406010104
孙文斌
32
80
22
44.7
631406010105
潘俊旭
91
61
30
60.7
631406010106
石佳磊
22
41
30
31.0
631406010107
赵权
43
79
78
66.7
631406010108
马鹏
55
81
29
55.0
631406010109
郭文浩
70
93
46
69.7
631406010110
李季
41
58
51
50.0
631406010111
陈仕豪
56
76
89
73.7
631406010112
杜菲
54
82
82
72.7
631406010113
李红兵
92
22
68
60.7
631406010114
蔡佳辰
73
43
43
53.0
631406010115
肖洒益
94
21
52
55.7
631406010116
连思璜
49
51
88
62.7
631406010117
伍凯荣
24
91
36
50.3
631406010118
张林
62
58
34
51.3
631406010119
王斌
44
94
91
76.3
631406010120
廖宇峰
62
72
55
63.0
631406010121
刘兴
94
92
25
70.3
631406010122
谭建
48
84
43
58.3
631406010123
左永和
61
74
97
77.3
631406010124
王增辉
37
62
36
45.0
631406010125
李芸倩
86
36
58
60.0
631406010127
次拉姆
38
43
80
53.7
631406010128
任中豪
61
85
91
79.0
631406010129
何泳桦
35
70
53
52.7
631406010130
张力
43
63
74
60.0
631707060603
cchan1
89
82
63
78.0
631707060604
cchan2
97
63
85
81.7
631707060605
cchan3
79
81
60
73.3
631707060606
cchan4
98
71
80
83.0
631707060607
cchan5
66
89
90
81.7
631707060608
cchan6
87
88
72
82.3
631707060609
cchan7
84
64
84
77.3
631707060610
cchan8
91
88
66
81.7
631707060611
cchan9
67
65
91
74.3
631707060612
cchan10
99
70
90
86.3
631707060614
cchan12
94
88
94
92.0
631707060615
cchan13
83
85
82
83.3
631707060616
cchan14
69
98
83
83.3
631707060617
cchan15
87
99
85
90.3
631707060618
cchan16
75
69
93
79.0
631707060619
cchan17
60
63
80
67.7
631707060620
cchan18
79
89
61
76.3
631707060621
cchan19
96
71
76
81.0
631707060622
cchan20
97
67
98
87.3
631707060623
cchan21
90
88
90
89.3
631707060624
cchan22
76
73
92
80.3
631707060625
cchan23
94
61
87
80.7
631707060626
cchan24
96
89
70
85.0
631707060627
cchan25
88
76
97
87.0
631707060628
cchan26
70
94
65
76.3
631707060629
cchan27
72
61
60
64.3
631707060630
cchan28
80
92
97
89.7
631707060631
cchan29
73
80
72
75.0
631707060632
cchan30
91
70
81
80.7
631707060633
cchan31
74
84
72
76.7
631707060634
cchan32
71
94
77
80.7
631707060635
cchan33
97
80
88
88.3
631707060636
cchan34
61
74
98
77.7
631707060637
cchan35
94
77
90
87.0
631707060638
cchan36
65
88
87
80.0
631707060639
cchan37
64
92
66
74.0
631707060640
cchan38
81
63
70
71.3
631707060641
cchan39
64
70
81
71.7
631707060642
cchan40
99
96
91
95.3
631707060643
cchan41
74
86
72
77.3
631707060644
cchan42
98
93
92
94.3
631707060645
cchan43
90
86
97
91.0
631707060646
cchan44
71
75
65
70.3
631707060647
cchan45
79
65
86
76.7
631707060648
cchan46
74
89
92
85.0
631707060649
cchan47
99
83
64
82.0
631707060650
cchan48
68
97
75
80.0
631707060651
cchan49
70
98
95
87.7
631707060652
cchan50
74
75
98
82.3
631707060653
cchan51
86
60
73
73.0
631707060654
cchan52
75
70
69
71.3
631707060655
cchan53
81
87
64
77.3
631707060656
cchan54
83
94
99
92.0
631707060657
cchan55
84
61
79
74.7
631707060658
cchan56
74
99
95
89.3
631707060659
cchan57
74
61
80
71.7
631707060660
cchan58
74
81
74
76.3
631707060661
cchan59
76
62
62
66.7
631707060662
cchan60
85
80
85
83.3
631707060663
cchan61
67
87
71
75.0
631707060664
cchan62
87
61
77
75.0
631707060665
cchan63
64
99
62
75.0
631707060666
cchan64
78
66
94
79.3
631707060667
cchan65
94
63
65
74.0
631707060668
cchan66
87
68
99
84.7
631707060669
cchan67
70
95
84
83.0
631707060670
cchan68
87
88
99
91.3
631707060671
cchan69
94
99
77
90.0
631707060672
cchan70
94
71
78
81.0
631707060673
cchan71
80
65
72
72.3
631707060674
cchan72
85
61
66
70.7
631707060675
cchan73
78
77
87
80.7
631707060676
cchan74
60
77
87
74.7
631707060677
cchan75
85
68
81
78.0
631707060678
cchan76
63
67
78
69.3
631707060679
cchan77
69
80
75
74.7
631707060680
cchan78
68
85
79
77.3
631707060681
cchan79
94
97
85
92.0
631707060682
cchan80
95
88
99
94.0
631707060683
cchan81
93
85
95
91.0
631707060684
cchan82
69
64
77
70.0
631707060685
cchan83
96
67
90
84.3
631707060686
cchan84
80
70
84
78.0
631707060687
cchan85
86
95
90
90.3
631707060688
cchan86
66
92
73
77.0
631707060689
cchan87
73
93
81
82.3
631707060690
cchan88
60
72
73
68.3
631707060691
cchan89
83
97
69
83.0
631707060692
cchan90
60
97
77
78.0
631707060693
cchan91
75
79
67
73.7
631707060694
cchan92
74
93
78
81.7
631707060695
cchan93
72
96
75
81.0
631707060696
cchan94
73
63
87
74.3
631707060697
cchan95
83
70
81
78.0
631707060698
cchan96
79
74
98
83.7
631707060699
cchan97
76
95
85
85.3
631707060700
cchan98
86
62
79
75.7
631707060701
cchan99
89
96
73
86.0
631707060702
cchan100
89
65
67
73.7
631707060703
cchan101
67
78
88
77.7
631707060704
cchan102
66
74
63
67.7
631707060705
cchan103
76
83
73
77.3
631707060706
cchan104
75
73
74
74.0
631707060707
cchan105
90
73
78
80.3
631707060708
cchan106
69
74
77
73.3
631707060709
cchan107
84
81
82
82.3
631707060710
cchan108
92
64
85
80.3
631707060711
cchan109
82
66
75
74.3
631707060712
cchan110
95
76
89
86.7
631707060713
cchan111
85
85
74
81.3
631707060714
cchan112
92
78
94
88.0
631707060715
cchan113
86
84
78
82.7
631707060716
cchan114
93
93
77
87.7
631707060717
cchan115
64
98
69
77.0
631707060718
cchan116
97
66
71
78.0
631707060719
cchan117
78
93
88
86.3
631707060720
cchan118
63
83
71
72.3
631707060721
cchan119
67
68
86
73.7
631707060722
cchan120
80
81
97
86.0
631707060723
cchan121
95
71
70
78.7
631707060724
cchan122
93
73
87
84.3
631707060725
cchan123
83
89
83
85.0
631707060726
cchan124
87
87
79
84.3
631707060727
cchan125
92
70
82
81.3
631707060728
cchan126
69
79
75
74.3
631707060729
cchan127
94
84
94
90.7
631707060730
cchan128
93
92
65
83.3
631707060731
cchan129
64
75
67
68.7
631707060732
cchan130
63
70
66
66.3
631707060733
cchan131
62
87
99
82.7
631707060734
cchan132
92
75
79
82.0
631707060735
cchan133
64
97
81
80.7
631707060736
cchan134
75
88
93
85.3
631707060737
cchan135
66
71
88
75.0
631707060738
cchan136
81
67
93
80.3
631707060739
cchan137
84
79
70
77.7
631707060740
cchan138
81
87
63
77.0
631707060741
cchan139
72
70
81
74.3
631707060742
cchan140
76
99
79
84.7
631707060743
cchan141
64
84
66
71.3
631707060744
cchan142
75
78
90
81.0
631707060745
cchan143
71
69
92
77.3
631707060746
cchan144
66
79
81
75.3
631707060747
cchan145
68
90
87
81.7
631707060748
cchan146
71
66
78
71.7
631707060749
cchan147
76
89
82
82.3
631707060750
cchan148
61
65
98
74.7
631707060751
cchan149
69
99
89
85.7
631707060752
cchan150
70
89
90
83.0
631707060753
cchan151
85
97
63
81.7
631707060754
cchan152
75
66
72
71.0
631707060755
cchan153
94
83
79
85.3
631707060756
cchan154
88
65
86
79.7
631707060757
cchan155
68
75
75
72.7
631707060758
cchan156
76
89
77
80.7
631707060759
cchan157
82
98
68
82.7
631707060760
cchan158
64
76
92
77.3
631707060761
cchan159
87
81
93
87.0
631707060762
cchan160
63
75
78
72.0
631707060763
cchan161
84
89
60
77.7
631707060764
cchan162
88
70
95
84.3
631707060765
cchan163
61
95
85
80.3
631707060766
cchan164
93
99
82
91.3
631707060767
cchan165
92
72
72
78.7
631707060768
cchan166
84
89
84
85.7
631707060769
cchan167
71
87
93
83.7
631707060770
cchan168
86
66
81
77.7
631707060771
cchan169
95
78
87
86.7
631707060772
cchan170
82
92
72
82.0
631707060773
cchan171
89
70
65
74.7
631707060774
cchan172
63
66
89
72.7
631707060775
cchan173
82
95
91
89.3
631707060776
cchan174
65
68
68
67.0
631707060777
cchan175
62
89
98
83.0
631707060778
cchan176
78
97
74
83.0
631707060779
cchan177
78
71
73
74.0
631707060780
cchan178
87
89
72
82.7
631707060781
cchan179
87
63
96
82.0
631707060782
cchan180
81
96
98
91.7
631707060783
cchan181
64
88
75
75.7
631707060784
cchan182
90
93
74
85.7
631707060785
cchan183
99
93
62
84.7
631707060786
cchan184
73
76
97
82.0
631707060787
cchan185
98
63
87
82.7
631707060788
cchan186
99
64
87
83.3
631707060789
cchan187
70
70
61
67.0
631707060790
cchan188
94
62
72
76.0
631707060791
cchan189
99
71
65
78.3
631707060792
cchan190
75
96
93
88.0
631707060793
cchan191
65
86
66
72.3
631707060794
cchan192
62
98
77
79.0
631707060795
cchan193
91
78
79
82.7
631707060796
cchan194
72
60
76
69.3
631707060797
cchan195
61
99
75
78.3
631707060798
cchan196
65
95
60
73.3
631707060799
cchan197
90
89
77
85.3
631707060800
cchan198
66
92
91
83.0
631707060801
cchan199
86
73
76
78.3
631707060802
cchan200
81
66
77
74.7
631707060803
cchan201
91
85
90
88.7
631707060804
cchan202
66
95
83
81.3
631707060805
cchan203
93
95
99
95.7
631707060806
cchan204
82
64
68
71.3
631707060807
cchan205
65
84
66
71.7
631707060808
cchan206
64
78
67
69.7
631707060809
cchan207
97
86
83
88.7
631707060810
cchan208
65
74
72
70.3
631707060811
cchan209
86
61
95
80.7
631707060812
cchan210
81
82
92
85.0
631707060813
cchan211
78
73
72
74.3
631707060814
cchan212
60
79
62
67.0
631707060815
cchan213
95
77
74
82.0
631707060816
cchan214
71
78
92
80.3
631707060817
cchan215
89
79
69
79.0
631707060818
cchan216
81
97
65
81.0
631707060819
cchan217
81
92
90
87.7
631707060820
cchan218
62
69
68
66.3
631707060821
cchan219
66
86
71
74.3
631707060822
cchan220
74
77
71
74.0
631707060823
cchan221
78
75
99
84.0
631707060824
cchan222
69
87
96
84.0
631707060825
cchan223
95
67
93
85.0
631707060826
cchan224
93
96
62
83.7
631707060827
cchan225
67
83
64
71.3
631707060828
cchan226
85
92
90
89.0
631707060829
cchan227
99
83
87
89.7
631707060830
cchan228
91
66
78
78.3
631707060831
cchan229
80
98
77
85.0
631707060832
cchan230
90
66
96
84.0
631707060833
cchan231
85
96
73
84.7
631707060834
cchan232
75
98
76
83.0
631707060835
cchan233
72
93
79
81.3
631707060836
cchan234
96
61
73
76.7
631707060837
cchan235
93
78
94
88.3
631707060838
cchan236
78
61
74
71.0
631707060839
cchan237
90
81
86
85.7
631707060840
cchan238
90
64
98
84.0
631707060841
cchan239
70
65
96
77.0
631707060842
cchan240
94
65
83
80.7
631707060843
cchan241
73
82
81
78.7
631707060844
cchan242
85
81
60
75.3
631707060845
cchan243
65
63
63
63.7
631707060846
cchan244
69
72
88
76.3
631707060847
cchan245
60
84
99
81.0
631707060848
cchan246
75
78
78
77.0
631707060849
cchan247
87
86
90
87.7
631707060850
cchan248
91
94
68
84.3
631707060851
cchan249
76
97
75
82.7
631707060852
cchan250
91
67
93
83.7
631707060853
cchan251
82
61
88
77.0
631707060854
cchan252
91
75
65
77.0
631707060855
cchan253
99
70
91
86.7
631707060856
cchan254
65
97
98
86.7
631707060857
cchan255
75
80
85
80.0
631707060858
cchan256
97
88
74
86.3
631707060859
cchan257
84
68
68
73.3
631707060860
cchan258
93
72
73
79.3
631707060861
cchan259
88
75
93
85.3
631707060862
cchan260
84
87
86
85.7
631707060863
cchan261
97
90
95
94.0
631707060864
cchan262
71
87
78
78.7
631707060865
cchan263
87
88
72
82.3
631707060866
cchan264
72
76
79
75.7
631707060867
cchan265
79
93
74
82.0
631707060868
cchan266
72
79
92
81.0
631707060869
cchan267
91
72
78
80.3
631707060870
cchan268
78
77
64
73.0
631707060871
cchan269
89
78
66
77.7
631707060872
cchan270
96
81
90
89.0
631707060873
cchan271
82
88
92
87.3
631707060874
cchan272
83
89
64
78.7
631707060875
cchan273
69
91
74
78.0
631707060876
cchan274
95
92
79
88.7
631707060877
cchan275
98
80
91
89.7
631707060878
cchan276
63
77
63
67.7
631707060879
cchan277
61
80
66
69.0
631707060880
cchan278
74
87
64
75.0
631707060881
cchan279
65
61
80
68.7
631707060882
cchan280
83
85
92
86.7
631707060883
cchan281
70
96
80
82.0
631707060884
cchan282
62
91
67
73.3
631707060885
cchan283
96
75
97
89.3
631707060886
cchan284
71
60
68
66.3
631707060887
cchan285
78
81
99
86.0
631707060888
cchan286
94
98
71
87.7
631707060889
cchan287
93
62
91
82.0
631707060890
cchan288
79
76
77
77.3
631707060891
cchan289
74
74
88
78.7
631707060892
cchan290
62
62
81
68.3
631707060893
cchan291
72
90
84
82.0
631707060894
cchan292
61
84
63
69.3
631707060895
cchan293
89
85
91
88.3
631707060896
cchan294
63
61
62
62.0
631707060897
cchan295
99
69
63
77.0
631707060898
cchan296
84
99
87
90.0
631707060899
cchan297
72
78
66
72.0
631707060900
cchan298
67
73
73
71.0
631707060901
cchan299
95
66
85
82.0
631707060902
cchan300
80
77
83
80.0
631707060903
cchan301
76
90
71
79.0
631707060904
cchan302
72
63
76
70.3
631707060905
cchan303
85
72
86
81.0
631707060906
cchan304
71
69
70
70.0
631707060907
cchan305
82
92
80
84.7
631707060908
cchan306
80
88
72
80.0
631707060909
cchan307
76
61
94
77.0
631707060910
cchan308
65
70
85
73.3
631707060911
cchan309
63
68
77
69.3
631707060912
cchan310
97
99
82
92.7
631707060913
cchan311
68
73
64
68.3
631707060914
cchan312
91
73
97
87.0
631707060915
cchan313
66
84
71
73.7
631707060916
cchan314
72
66
77
71.7
631707060917
cchan315
66
98
97
87.0
631707060918
cchan316
64
94
95
84.3
631707060919
cchan317
61
61
71
64.3
631707060920
cchan318
63
73
68
68.0
631707060921
cchan319
94
92
94
93.3
631707060922
cchan320
93
98
97
96.0
631707060923
cchan321
64
73
77
71.3
631707060924
cchan322
74
60
72
68.7
631707060925
cchan323
79
67
97
81.0
631707060926
cchan324
65
99
69
77.7
631707060927
cchan325
85
97
67
83.0
631707060928
cchan326
98
77
88
87.7
631707060929
cchan327
95
61
76
77.3
631707060930
cchan328
90
96
66
84.0
631707060931
cchan329
83
88
63
78.0
631707060932
cchan330
66
83
69
72.7
631707060933
cchan331
73
89
68
76.7
631707060934
cchan332
81
81
64
75.3
631707060935
cchan333
99
66
65
76.7
631707060936
cchan334
83
88
68
79.7
631707060937
cchan335
68
65
68
67.0
631707060938
cchan336
75
69
61
68.3
631707060939
cchan337
68
92
70
76.7
631707060940
cchan338
71
68
88
75.7
631707060941
cchan339
61
61
90
70.7
631707060942
cchan340
89
62
84
78.3
631707060943
cchan341
69
86
61
72.0
631707060944
cchan342
69
74
81
74.7
631707060945
cchan343
69
60
74
67.7
631707060946
cchan344
64
99
99
87.3
631707060947
cchan345
93
70
84
82.3
631707060948
cchan346
89
95
82
88.7
631707060949
cchan347
87
86
64
79.0
631707060950
cchan348
99
68
82
83.0
631707060951
cchan349
63
98
88
83.0
631707060952
cchan350
84
99
88
90.3
631707060953
cchan351
76
90
73
79.7
631707060954
cchan352
79
73
67
73.0
631707060955
cchan353
96
74
74
81.3
631707060956
cchan354
90
89
75
84.7
631707060957
cchan355
68
72
80
73.3
631707060958
cchan356
96
62
94
84.0
631707060959
cchan357
66
79
88
77.7
631707060960
cchan358
79
94
91
88.0
631707060961
cchan359
78
67
96
80.3
631707060962
cchan360
99
78
64
80.3
631707060963
cchan361
96
77
91
88.0
631707060964
cchan362
98
97
96
97.0
631707060965
cchan363
80
80
96
85.3
631707060966
cchan364
63
89
88
80.0
631707060967
cchan365
70
88
82
80.0
631707060968
cchan366
68
88
62
72.7
631707060969
cchan367
71
89
90
83.3
631707060970
cchan368
67
99
91
85.7
631707060971
cchan369
91
74
86
83.7
631707060972
cchan370
65
82
98
81.7
631707060973
cchan371
79
64
68
70.3
631707060974
cchan372
65
66
77
69.3
631707060975
cchan373
67
61
76
68.0
631707060976
cchan374
89
67
82
79.3
631707060977
cchan375
71
78
74
74.3
631707060978
cchan376
99
90
92
93.7
631707060979
cchan377
89
95
77
87.0
631707060980
cchan378
67
94
75
78.7
631707060981
cchan379
90
85
73
82.7
631707060982
cchan380
81
81
86
82.7
631707060983
cchan381
99
67
81
82.3
631707060984
cchan382
68
80
96
81.3
631707060985
cchan383
67
89
98
84.7
631707060986
cchan384
77
73
83
77.7
631707060987
cchan385
92
88
68
82.7
631707060988
cchan386
92
86
79
85.7
631707060989
cchan387
81
62
98
80.3
631707060990
cchan388
85
81
90
85.3
631707060991
cchan389
91
86
71
82.7
631707060992
cchan390
89
85
84
86.0
631707060993
cchan391
68
85
61
71.3
631707060994
cchan392
76
68
74
72.7
631707060995
cchan393
83
85
91
86.3
631707060996
cchan394
89
94
75
86.0
631707060997
cchan395
76
98
91
88.3
631707060998
cchan396
69
71
90
76.7
631707060999
cchan397
72
60
84
72.0
631707061000
cchan398
87
71
70
76.0
631707061001
cchan399
94
67
87
82.7
631707061002
cchan400
94
99
66
86.3
631707061003
cchan401
79
80
83
80.7
631707061004
cchan402
62
61
95
72.7
631707061005
cchan403
90
79
97
88.7
631707061006
cchan404
63
98
67
76.0
631707061007
cchan405
76
71
88
78.3
631707061008
cchan406
88
69
87
81.3
631707061009
cchan407
61
62
75
66.0
631707061010
cchan408
62
89
70
73.7
631707061011
cchan409
64
95
95
84.7
631707061012
cchan410
96
89
74
86.3
631707061013
cchan411
78
65
90
77.7
631707061014
cchan412
61
84
66
70.3
631707061015
cchan413
84
85
74
81.0
631707061016
cchan414
77
78
88
81.0
631707061017
cchan415
97
74
68
79.7
631707061018
cchan416
74
97
96
89.0
631707061019
cchan417
71
74
67
70.7
631707061020
cchan418
67
84
93
81.3
631707061021
cchan419
70
85
74
76.3
631707061022
cchan420
86
87
76
83.0
631707061023
cchan421
70
90
88
82.7
631707061024
cchan422
66
66
83
71.7
631707061025
cchan423
89
74
76
79.7
631707061026
cchan424
61
71
79
70.3
631707061027
cchan425
88
77
97
87.3
631707061028
cchan426
72
93
77
80.7
631707061029
cchan427
83
91
69
81.0
631707061030
cchan428
60
87
67
71.3
631707061031
cchan429
72
97
76
81.7
631707061032
cchan430
76
74
70
73.3
631707061033
cchan431
86
73
62
73.7
631707061034
cchan432
67
67
66
66.7
631707061035
cchan433
61
86
81
76.0
631707061036
cchan434
69
98
63
76.7
631707061037
cchan435
75
96
67
79.3
631707061038
cchan436
61
69
89
73.0
631707061039
cchan437
86
62
77
75.0
631707061040
cchan438
81
75
64
73.3
631707061041
cchan439
69
68
66
67.7
631707061042
cchan440
68
76
92
78.7
631707061043
cchan441
61
66
77
68.0
631707061044
cchan442
89
65
72
75.3
631707061045
cchan443
81
84
68
77.7
631707061046
cchan444
91
76
87
84.7
631707061047
cchan445
73
68
60
67.0
631707061048
cchan446
85
98
78
87.0
631707061049
cchan447
84
92
86
87.3
631707061050
cchan448
63
90
88
80.3
631707061051
cchan449
97
63
77
79.0
631707061052
cchan450
94
94
64
84.0
631707061053
cchan451
82
99
80
87.0
631707061054
cchan452
98
88
87
91.0
631707061055
cchan453
87
90
82
86.3
631707061056
cchan454
81
91
82
84.7
631707061057
cchan455
80
67
63
70.0
631707061058
cchan456
79
99
62
80.0
631707061059
cchan457
88
94
91
91.0
631707061060
cchan458
95
99
66
86.7
631707061061
cchan459
82
99
93
91.3
631707061062
cchan460
74
85
91
83.3
631707061063
cchan461
79
68
66
71.0
631707061064
cchan462
79
75
80
78.0
631707061065
cchan463
97
63
95
85.0
631707061066
cchan464
87
62
77
75.3
631707061067
cchan465
98
71
61
76.7
631707061068
cchan466
65
79
97
80.3
631707061069
cchan467
97
88
71
85.3
631707061070
cchan468
68
86
75
76.3
631707061071
cchan469
91
67
65
74.3
631707061072
cchan470
81
75
63
73.0
631707061073
cchan471
76
84
82
80.7
631707061074
cchan472
93
69
88
83.3
631707061075
cchan473
88
99
73
86.7
631707061076
cchan474
65
99
81
81.7
631707061077
cchan475
79
65
93
79.0
631707061078
cchan476
75
83
77
78.3
631707061079
cchan477
86
67
63
72.0
631707061080
cchan478
76
61
99
78.7
631707061081
cchan479
70
91
75
78.7
631707061082
cchan480
62
70
73
68.3
631707061083
cchan481
90
64
74
76.0
631707061084
cchan482
70
82
97
83.0
631707061085
cchan483
66
89
83
79.3
631707061086
cchan484
78
70
71
73.0
631707061087
cchan485
85
98
84
89.0
631707061088
cchan486
99
71
61
77.0
631707061089
cchan487
97
79
93
89.7
631707061090
cchan488
75
73
86
78.0
631707061091
cchan489
88
90
76
84.7
631707061092
cchan490
99
91
89
93.0
631707061093
cchan491
76
71
76
74.3
631707061094
cchan492
86
77
74
79.0
631707061095
cchan493
72
97
85
84.7
631707061096
cchan494
99
70
97
88.7
631707061097
cchan495
74
62
73
69.7
631707061098
cchan496
89
88
65
80.7
631707061099
cchan497
81
79
88
82.7
631707061100
cchan498
78
62
89
76.3
631707061101
cchan499
84
78
98
86.7
631707061102
cchan500
65
93
82
80.0
631707061103
cchan501
89
81
60
76.7
631707061104
cchan502
63
70
84
72.3
631707061105
cchan503
68
93
99
86.7
631707061106
cchan504
98
95
96
96.3
631707061107
cchan505
85
89
79
84.3
631707061108
cchan506
71
64
62
65.7
631707061109
cchan507
86
96
76
86.0
631707061110
cchan508
82
76
96
84.7
631707061111
cchan509
78
76
62
72.0
631707061112
cchan510
83
89
82
84.7
631707061113
cchan511
88
91
94
91.0
631707061114
cchan512
93
65
85
81.0
631707061115
cchan513
84
79
74
79.0
631707061116
cchan514
97
78
99
91.3
631707061117
cchan515
88
92
61
80.3
631707061118
cchan516
95
93
76
88.0
631707061119
cchan517
81
79
94
84.7
631707061120
cchan518
82
79
82
81.0
631707061121
cchan519
80
60
79
73.0
631707061122
cchan520
68
96
98
87.3
631707061123
cchan521
68
78
62
69.3
631707061124
cchan522
87
97
80
88.0
631707061125
cchan523
94
92
89
91.7
631707061126
cchan524
92
86
93
90.3
631707061127
cchan525
92
98
92
94.0
631707061128
cchan526
75
61
97
77.7
631707061129
cchan527
67
90
69
75.3
631707061130
cchan528
91
92
78
87.0
631707061131
cchan529
70
89
95
84.7
631707061132
cchan530
97
68
93
86.0
631707061133
cchan531
97
77
66
80.0
631707061134
cchan532
95
88
97
93.3
631707061135
cchan533
88
64
98
83.3
631707061136
cchan534
85
78
82
81.7
631707061137
cchan535
64
92
68
74.7
631707061138
cchan536
82
98
66
82.0
631707061139
cchan537
67
60
80
69.0
631707061140
cchan538
79
96
91
88.7
631707061141
cchan539
75
77
62
71.3
631707061142
cchan540
77
98
87
87.3
631707061143
cchan541
68
64
68
66.7
631707061144
cchan542
99
75
83
85.7
631707061145
cchan543
73
99
98
90.0
631707061146
cchan544
88
74
77
79.7
631707061147
cchan545
67
69
97
77.7
631707061148
cchan546
63
98
71
77.3
631707061149
cchan547
83
74
82
79.7
631707061150
cchan548
77
68
89
78.0
631707061151
cchan549
93
64
74
77.0
631707061152
cchan550
78
66
76
73.3
631707061153
cchan551
76
99
67
80.7
631707061154
cchan552
70
61
78
69.7
631707061155
cchan553
63
66
94
74.3
631707061156
cchan554
91
68
82
80.3
631707061157
cchan555
79
74
87
80.0
631707061158
cchan556
69
64
66
66.3
631707061159
cchan557
69
88
94
83.7
631707061160
cchan558
74
80
81
78.3
631707061161
cchan559
61
75
84
73.3
631707061162
cchan560
77
96
62
78.3
631707061163
cchan561
64
72
68
68.0
631707061164
cchan562
63
97
72
77.3
631707061165
cchan563
62
84
63
69.7
631707061166
cchan564
76
93
73
80.7
631707061167
cchan565
79
65
99
81.0
631707061168
cchan566
96
72
61
76.3
631707061169
cchan567
98
87
72
85.7
631707061170
cchan568
82
77
99
86.0
631707061171
cchan569
72
91
94
85.7
631707061172
cchan570
81
97
71
83.0
631707061173
cchan571
74
72
87
77.7
631707061174
cchan572
70
85
84
79.7
631707061175
cchan573
76
64
78
72.7
631707061176
cchan574
89
77
84
83.3
631707061177
cchan575
97
70
73
80.0
631707061178
cchan576
65
68
60
64.3
631707061179
cchan577
70
82
60
70.7
631707061180
cchan578
62
61
83
68.7
631707061181
cchan579
91
72
91
84.7
631707061182
cchan580
89
66
96
83.7
631707061183
cchan581
93
91
98
94.0
631707061184
cchan582
61
87
95
81.0
631707061185
cchan583
93
90
85
89.3
631707061186
cchan584
95
87
85
89.0
631707061187
cchan585
64
92
90
82.0
631707061188
cchan586
66
97
98
87.0
631707061189
cchan587
88
67
87
80.7
631707061190
cchan588
92
69
87
82.7
631707061191
cchan589
62
63
71
65.3
631707061192
cchan590
63
96
91
83.3
631707061193
cchan591
90
90
96
92.0
631707061194
cchan592
97
65
85
82.3
631707061195
cchan593
81
61
97
79.7
631707061196
cchan594
76
68
89
77.7
631707061197
cchan595
67
60
72
66.3
631707061198
cchan596
74
72
65
70.3
631707061199
cchan597
60
71
98
76.3
631707061200
cchan598
77
74
87
79.3
631707061201
cchan599
80
81
69
76.7
631707061202
cchan600
77
89
85
83.7
631707061203
cchan601
83
80
90
84.3
631707061204
cchan602
88
91
63
80.7
631707061205
cchan603
99
64
61
74.7
631707061206
cchan604
93
91
76
86.7
631707061207
cchan605
90
78
69
79.0
631707061208
cchan606
90
65
61
72.0
631707061209
cchan607
76
67
95
79.3
631707061210
cchan608
99
88
84
90.3
631707061211
cchan609
89
86
89
88.0
631707061212
cchan610
88
78
96
87.3
631707061213
cchan611
67
67
83
72.3
631707061214
cchan612
62
81
89
77.3
631707061215
cchan613
65
61
73
66.3
631707061216
cchan614
89
62
84
78.3
631707061217
cchan615
75
68
73
72.0
631707061218
cchan616
75
70
76
73.7
631707061219
cchan617
69
85
65
73.0
631707061220
cchan618
98
62
68
76.0
631707061221
cchan619
94
67
92
84.3
631707061222
cchan620
83
72
93
82.7
631707061223
cchan621
80
63
98
80.3
631707061224
cchan622
98
69
77
81.3
631707061225
cchan623
77
63
77
72.3
631707061226
cchan624
71
60
71
67.3
631707061227
cchan625
87
67
74
76.0
631707061228
cchan626
84
86
70
80.0
631707061229
cchan627
63
66
66
65.0
631707061230
cchan628
74
83
94
83.7
631707061231
cchan629
73
68
84
75.0
631707061232
cchan630
65
97
77
79.7
631707061233
cchan631
71
86
90
82.3
631707061234
cchan632
67
95
96
86.0
631707061235
cchan633
61
72
75
69.3
631707061236
cchan634
95
86
83
88.0
631707061237
cchan635
73
89
68
76.7
631707061238
cchan636
70
84
72
75.3
631707061239
cchan637
73
88
97
86.0
631707061240
cchan638
61
87
98
82.0
631707061241
cchan639
91
87
62
80.0
631707061242
cchan640
88
62
94
81.3
631707061243
cchan641
93
60
71
74.7
631707061244
cchan642
91
67
69
75.7
631707061245
cchan643
94
67
60
73.7
631707061246
cchan644
78
73
90
80.3
631707061247
cchan645
99
77
97
91.0
631707061248
cchan646
90
83
82
85.0
631707061249
cchan647
87
91
94
90.7
631707061250
cchan648
89
89
75
84.3
631707061251
cchan649
76
65
60
67.0
631707061252
cchan650
79
87
91
85.7
631707061253
cchan651
62
91
67
73.3
631707061254
cchan652
61
65
72
66.0
631707061255
cchan653
90
80
99
89.7
631707061256
cchan654
80
75
64
73.0
631707061257
cchan655
68
63
99
76.7
631707061258
cchan656
91
95
61
82.3
631707061259
cchan657
96
79
97
90.7
631707061260
cchan658
70
73
88
77.0
631707061261
cchan659
98
77
73
82.7
631707061262
cchan660
66
86
63
71.7
631707061263
cchan661
75
86
93
84.7
631707061264
cchan662
63
97
84
81.3
631707061265
cchan663
97
91
88
92.0
631707061266
cchan664
92
74
80
82.0
631707061267
cchan665
95
72
65
77.3
631707061268
cchan666
84
78
82
81.3
631707061269
cchan667
76
84
71
77.0
631707061270
cchan668
96
75
98
89.7
631707061271
cchan669
78
99
80
85.7
631707061272
cchan670
61
97
87
81.7
631707061273
cchan671
73
67
83
74.3
631707061274
cchan672
94
90
67
83.7
631707061275
cchan673
94
98
76
89.3
631707061276
cchan674
89
66
97
84.0
631707061277
cchan675
65
98
61
74.7
631707061278
cchan676
80
73
77
76.7
631707061279
cchan677
77
64
78
73.0
631707061280
cchan678
69
91
64
74.7
631707061281
cchan679
80
69
68
72.3
631707061282
cchan680
72
81
91
81.3
631707061283
cchan681
94
85
60
79.7
631707061284
cchan682
60
82
88
76.7
631707061285
cchan683
97
62
98
85.7
631707061286
cchan684
95
61
60
72.0
631707061287
cchan685
74
63
74
70.3
631707061288
cchan686
89
79
92
86.7
631707061289
cchan687
95
68
87
83.3
631707061290
cchan688
87
94
87
89.3
631707061291
cchan689
66
89
73
76.0
631707061292
cchan690
95
88
87
90.0
631707061293
cchan691
67
71
60
66.0
631707061294
cchan692
77
78
94
83.0
631707061295
cchan693
90
65
91
82.0
631707061296
cchan694
60
80
73
71.0
631707061297
cchan695
98
69
75
80.7
631707061298
cchan696
93
71
67
77.0
631707061299
cchan697
65
64
99
76.0
631707061300
cchan698
68
67
65
66.7
631707061301
cchan699
87
68
72
75.7
631707061302
cchan700
66
68
86
73.3
631707061303
cchan701
62
70
87
73.0
631707061304
cchan702
80
95
75
83.3
631707061305
cchan703
76
89
72
79.0
631707061306
cchan704
80
60
83
74.3
631707061307
cchan705
78
85
86
83.0
631707061308
cchan706
63
83
64
70.0
631707061309
cchan707
69
64
80
71.0
631707061310
cchan708
75
63
88
75.3
631707061311
cchan709
81
73
91
81.7
631707061312
cchan710
92
75
91
86.0
631707061313
cchan711
67
84
66
72.3
631707061314
cchan712
81
75
71
75.7
631707061315
cchan713
70
81
92
81.0
631707061316
cchan714
61
92
69
74.0
631707061317
cchan715
77
82
85
81.3
631707061318
cchan716
86
85
73
81.3
631707061319
cchan717
83
82
87
84.0
631707061320
cchan718
62
75
71
69.3
631707061321
cchan719
75
94
67
78.7
631707061322
cchan720
92
94
72
86.0
631707061323
cchan721
95
99
80
91.3
631707061324
cchan722
77
96
80
84.3
631707061325
cchan723
69
60
90
73.0
631707061326
cchan724
68
98
67
77.7
631707061327
cchan725
81
98
96
91.7
631707061328
cchan726
73
67
60
66.7
631707061329
cchan727
76
66
95
79.0
631707061330
cchan728
70
60
98
76.0
631707061331
cchan729
98
60
65
74.3
631707061332
cchan730
96
69
60
75.0
631707061333
cchan731
60
75
93
76.0
631707061334
cchan732
74
91
71
78.7
631707061335
cchan733
60
92
66
72.7
631707061336
cchan734
65
60
86
70.3
631707061337
cchan735
91
99
72
87.3
631707061338
cchan736
61
74
81
72.0
631707061339
cchan737
82
61
78
73.7
631707061340
cchan738
64
78
83
75.0
631707061341
cchan739
63
60
93
72.0
631707061342
cchan740
89
76
85
83.3
631707061343
cchan741
82
89
77
82.7
631707061344
cchan742
64
78
81
74.3
631707061345
cchan743
93
83
82
86.0
631707061346
cchan744
86
74
75
78.3
631707061347
cchan745
92
70
60
74.0
631707061348
cchan746
89
87
63
79.7
631707061349
cchan747
81
66
61
69.3
631707061350
cchan748
94
86
97
92.3
631707061351
cchan749
62
63
92
72.3
631707061352
cchan750
65
70
61
65.3
631707061353
cchan751
97
83
82
87.3
631707061354
cchan752
92
90
74
85.3
631707061355
cchan753
71
86
69
75.3
631707061356
cchan754
74
74
87
78.3
631707061357
cchan755
82
69
93
81.3
631707061358
cchan756
62
64
72
66.0
631707061359
cchan757
72
67
73
70.7
631707061360
cchan758
81
60
67
69.3
631707061361
cchan759
85
90
68
81.0
631707061362
cchan760
89
65
72
75.3
631707061363
cchan761
86
79
83
82.7
631707061364
cchan762
95
71
83
83.0
631707061365
cchan763
90
86
76
84.0
631707061366
cchan764
87
85
62
78.0
631707061367
cchan765
67
60
79
68.7
631707061368
cchan766
73
94
60
75.7
631707061369
cchan767
87
73
76
78.7
631707061370
cchan768
63
77
83
74.3
631707061371
cchan769
82
70
99
83.7
631707061372
cchan770
97
66
93
85.3
631707061373
cchan771
81
77
82
80.0
631707061374
cchan772
81
73
76
76.7
631707061375
cchan773
85
75
82
80.7
631707061376
cchan774
68
60
96
74.7
631707061377
cchan775
61
68
86
71.7
631707061378
cchan776
95
85
78
86.0
631707061379
cchan777
78
80
91
83.0
631707061380
cchan778
86
76
68
76.7
631707061381
cchan779
98
89
75
87.3
631707061382
cchan780
72
76
63
70.3
631707061383
cchan781
62
74
76
70.7
631707061384
cchan782
65
93
81
79.7
631707061385
cchan783
61
62
63
62.0
631707061386
cchan784
89
66
77
77.3
631707061387
cchan785
80
78
98
85.3
631707061388
cchan786
62
79
84
75.0
631707061389
cchan787
79
94
97
90.0
631707061390
cchan788
73
95
93
87.0
631707061391
cchan789
87
60
82
76.3
631707061392
cchan790
91
85
69
81.7
631707061393
cchan791
88
93
66
82.3
631707061394
cchan792
91
90
73
84.7
631707061395
cchan793
97
93
64
84.7
631707061396
cchan794
98
86
62
82.0
631707061397
cchan795
97
89
87
91.0
631707061398
cchan796
80
83
64
75.7
631707061399
cchan797
71
72
80
74.3
631707061400
cchan798
79
94
80
84.3
631707061401
cchan799
77
76
95
82.7
631707061402
cchan800
86
69
74
76.3
631707061403
cchan801
64
69
63
65.3
631707061404
cchan802
75
76
85
78.7
631707061405
cchan803
91
79
96
88.7
631707061406
cchan804
68
79
71
72.7
631707061407
cchan805
60
73
78
70.3
631707061408
cchan806
90
78
64
77.3
631707061409
cchan807
78
92
97
89.0
631707061410
cchan808
77
64
77
72.7
631707061411
cchan809
95
92
91
92.7
631707061412
cchan810
94
82
61
79.0
631707061413
cchan811
72
98
61
77.0
631707061414
cchan812
62
68
65
65.0
631707061415
cchan813
95
96
84
91.7
631707061416
cchan814
67
99
81
82.3
631707061417
cchan815
70
62
73
68.3
631707061418
cchan816
65
81
88
78.0
631707061419
cchan817
89
60
72
73.7
631707061420
cchan818
91
93
69
84.3
631707061421
cchan819
93
97
67
85.7
631707061422
cchan820
71
99
65
78.3
631707061423
cchan821
92
61
96
83.0
631707061424
cchan822
73
79
85
79.0
631707061425
cchan823
66
80
80
75.3
631707061426
cchan824
62
60
91
71.0
631707061427
cchan825
76
96
93
88.3
631707061428
cchan826
68
94
66
76.0
631707061429
cchan827
95
70
73
79.3
631707061430
cchan828
93
61
86
80.0
631707061431
cchan829
92
92
75
86.3
631707061432
cchan830
92
64
84
80.0
631707061433
cchan831
78
98
66
80.7
631707061434
cchan832
92
85
88
88.3
631707061435
cchan833
96
74
82
84.0
631707061436
cchan834
68
76
65
69.7
631707061437
cchan835
95
97
70
87.3
631707061438
cchan836
95
85
75
85.0
631707061439
cchan837
93
98
90
93.7
631707061440
cchan838
65
67
93
75.0
631707061441
cchan839
74
65
80
73.0
631707061442
cchan840
68
65
66
66.3
631707061443
cchan841
74
86
81
80.3
631707061444
cchan842
79
61
85
75.0
631707061445
cchan843
81
64
90
78.3
631707061446
cchan844
61
93
73
75.7
631707061447
cchan845
67
69
85
73.7
631707061448
cchan846
96
76
66
79.3
631707061449
cchan847
69
77
72
72.7
631707061450
cchan848
90
92
63
81.7
631707061451
cchan849
75
94
60
76.3
631707061452
cchan850
67
73
60
66.7
631707061453
cchan851
89
85
75
83.0
631707061454
cchan852
78
91
73
80.7
631707061455
cchan853
91
62
79
77.3
631707061456
cchan854
98
83
88
89.7
631707061457
cchan855
76
93
96
88.3
631707061458
cchan856
75
75
65
71.7
631707061459
cchan857
64
83
91
79.3
631707061460
cchan858
90
68
93
83.7
631707061461
cchan859
86
61
80
75.7
631707061462
cchan860
76
62
82
73.3
631707061463
cchan861
62
77
70
69.7
631707061464
cchan862
76
80
93
83.0
631707061465
cchan863
81
86
93
86.7
631707061466
cchan864
89
78
96
87.7
631707061467
cchan865
75
74
98
82.3
631707061468
cchan866
78
81
62
73.7
631707061469
cchan867
71
60
78
69.7
631707061470
cchan868
79
64
97
80.0
631707061471
cchan869
71
66
68
68.3
631707061472
cchan870
70
83
73
75.3
631707061473
cchan871
67
86
84
79.0
631707061474
cchan872
66
80
71
72.3
631707061475
cchan873
60
91
64
71.7
631707061476
cchan874
71
66
95
77.3
631707061477
cchan875
74
72
77
74.3
631707061478
cchan876
91
65
85
80.3
631707061479
cchan877
96
89
77
87.3
631707061480
cchan878
65
76
75
72.0
631707061481
cchan879
89
70
63
74.0
631707061482
cchan880
98
65
85
82.7
631707061483
cchan881
90
95
80
88.3
631707061484
cchan882
69
78
98
81.7
631707061485
cchan883
93
94
94
93.7
631707061486
cchan884
98
97
81
92.0
631707061487
cchan885
91
69
68
76.0
631707061488
cchan886
91
96
95
94.0
631707061489
cchan887
74
69
93
78.7
631707061490
cchan888
85
86
65
78.7
631707061491
cchan889
74
77
77
76.0
631707061492
cchan890
96
75
66
79.0
631707061493
cchan891
66
85
84
78.3
631707061494
cchan892
62
91
79
77.3
631707061495
cchan893
79
86
98
87.7
631707061496
cchan894
64
98
64
75.3
631707061497
cchan895
76
60
89
75.0
631707061498
cchan896
90
99
71
86.7
631707061499
cchan897
78
97
80
85.0
631707061500
cchan898
75
97
99
90.3
631707061501
cchan899
66
60
79
68.3
631707061502
cchan900
70
60
80
70.0
631707061503
cchan901
77
85
67
76.3
631707061504
cchan902
66
82
78
75.3
631707061505
cchan903
67
61
90
72.7
631707061506
cchan904
70
71
94
78.3
631707061507
cchan905
71
74
62
69.0
631707061508
cchan906
80
61
94
78.3
631707061509
cchan907
74
83
78
78.3
631707061510
cchan908
94
77
78
83.0
631707061511
cchan909
72
94
73
79.7
631707061512
cchan910
86
83
75
81.3
631707061513
cchan911
72
87
90
83.0
631707061514
cchan912
84
76
98
86.0
631707061515
cchan913
70
90
92
84.0
631707061516
cchan914
76
97
92
88.3
631707061517
cchan915
60
70
87
72.3
631707061518
cchan916
91
97
93
93.7
631707061519
cchan917
74
87
88
83.0
631707061520
cchan918
77
65
61
67.7
631707061521
cchan919
86
95
84
88.3
631707061522
cchan920
72
65
72
69.7
631707061523
cchan921
91
87
86
88.0
631707061524
cchan922
71
94
66
77.0
631707061525
cchan923
85
82
70
79.0
631707061526
cchan924
93
85
91
89.7
631707061527
cchan925
73
64
83
73.3
631707061528
cchan926
67
65
76
69.3
631707061529
cchan927
77
70
98
81.7
631707061530
cchan928
83
79
70
77.3
631707061531
cchan929
63
93
91
82.3
631707061532
cchan930
94
87
69
83.3
631707061533
cchan931
66
81
71
72.7
631707061534
cchan932
74
93
80
82.3
631707061535
cchan933
87
84
73
81.3
631707061536
cchan934
71
86
87
81.3
631707061537
cchan935
67
92
62
73.7
631707061538
cchan936
84
75
76
78.3
631707061539
cchan937
64
69
62
65.0
631707061540
cchan938
66
79
65
70.0
631707061541
cchan939
89
98
60
82.3
631707061542
cchan940
71
67
75
71.0
631707061543
cchan941
60
67
72
66.3
631707061544
cchan942
69
62
90
73.7
631707061545
cchan943
65
60
76
67.0
631707061546
cchan944
85
67
71
74.3
631707061547
cchan945
74
94
70
79.3
631707061548
cchan946
92
88
92
90.7
631707061549
cchan947
88
73
75
78.7
631707061550
cchan948
74
99
81
84.7
631707061551
cchan949
60
87
64
70.3
631707061552
cchan950
79
99
86
88.0
631707061553
cchan951
76
96
62
78.0
631707061554
cchan952
71
85
96
84.0
631707061555
cchan953
80
66
79
75.0
631707061556
cchan954
65
97
80
80.7
631707061557
cchan955
85
79
84
82.7
631707061558
cchan956
69
92
63
74.7
631707061559
cchan957
67
94
77
79.3
631707061560
cchan958
95
88
98
93.7
631707061561
cchan959
94
81
86
87.0
631707061562
cchan960
77
93
89
86.3
631707061563
cchan961
95
87
88
90.0
631707061564
cchan962
85
93
90
89.3
631707061565
cchan963
66
72
61
66.3
631707061566
cchan964
71
87
81
79.7
631707061567
cchan965
81
68
90
79.7
631707061568
cchan966
88
74
90
84.0
631707061569
cchan967
66
72
78
72.0
631707061570
cchan968
78
71
77
75.3
631707061571
cchan969
88
65
92
81.7
631707061572
cchan970
99
88
87
91.3
631707061573
cchan971
89
83
93
88.3
631707061574
cchan972
81
79
81
80.3
631707061575
cchan973
77
84
96
85.7
631707061576
cchan974
61
65
88
71.3
631707061577
cchan975
69
83
91
81.0
631707061578
cchan976
65
98
80
81.0
631707061579
cchan977
79
68
86
77.7
631707061580
cchan978
60
64
96
73.3
631707061581
cchan979
65
70
85
73.3
631707061582
cchan980
70
96
99
88.3
631707061583
cchan981
87
66
67
73.3
631707061584
cchan982
65
68
64
65.7
631707061585
cchan983
65
76
73
71.3
631707061586
cchan984
70
76
96
80.7
631707061587
cchan985
71
75
83
76.3
631707061588
cchan986
96
95
75
88.7
631707061589
cchan987
77
98
67
80.7
631707061590
cchan988
97
84
93
91.3
631707061591
cchan989
77
85
69
77.0
631707061592
cchan990
73
79
62
71.3
631707061593
cchan991
93
67
66
75.3
631707061594
cchan992
73
71
64
69.3
631707061595
cchan993
73
93
81
82.3
631707061596
cchan994
98
78
99
91.7
631707061597
cchan995
69
95
95
86.3
631707061598
cchan996
63
92
73
76.0
631707061599
cchan997
67
63
82
70.7
631707061600
cchan998
97
78
67
80.7
631707061601
cchan999
99
91
93
94.3
631707061602
cchan1000
60
77
96
77.7
631707061597
cchan995
46
12
65
41.0
631707061598
cchan996
41
66
65
57.3
631707061599
cchan997
94
83
12
63.0
631707061600
cchan998
43
54
82
59.7
631707061601
cchan999
19
48
37
34.7
621707060603
cchan1
4
68
74
48.7
621707060604
cchan2
53
29
51
44.3
621707060605
cchan3
90
63
56
69.7
621707060606
cchan4
29
8
40
25.7
621707060607
cchan5
57
98
78
77.7
621707060608
cchan6
6
29
68
34.3
621707060609
cchan7
51
52
90
64.3
621707060610
cchan8
77
10
24
37.0
621707060611
cchan9
8
72
23
34.3
621707060612
cchan10
2
89
11
34.0
621707060613
cchan11
40
67
97
68.0
621707060614
cchan12
98
10
89
65.7
621707060615
cchan13
20
32
5
19.0
621707060616
cchan14
93
54
43
63.3
621707060617
cchan15
73
24
15
37.3
621707060618
cchan16
93
15
97
68.3
621707060619
cchan17
13
41
61
38.3
621707060620
cchan18
40
94
90
74.7
621707060621
cchan19
81
71
11
54.3
621707060622
cchan20
52
96
47
65.0
621707060623
cchan21
78
33
64
58.3
621707060624
cchan22
75
10
72
52.3
621707060625
cchan23
53
40
31
41.3
621707060626
cchan24
78
26
37
47.0
621707060627
cchan25
78
53
67
66.0
621707060628
cchan26
52
79
83
71.3
621707060629
cchan27
36
6
56
32.7
621707060630
cchan28
2
16
82
33.3
621707060631
cchan29
63
7
95
55.0
621707060632
cchan30
81
53
30
54.7
621707060633
cchan31
77
12
68
52.3
621707060634
cchan32
15
58
51
41.3
621707060635
cchan33
83
88
67
79.3
621707060636
cchan34
61
27
79
55.7
621707060637
cchan35
98
71
73
80.7
621707060638
cchan36
1
77
17
31.7
621707060639
cchan37
85
24
99
69.3
621707060640
cchan38
46
19
26
30.3
621707060641
cchan39
62
65
86
71.0
621707060642
cchan40
98
61
23
60.7
621707060643
cchan41
14
46
10
23.3
621707060644
cchan42
8
41
9
19.3
621707060645
cchan43
52
63
31
48.7
621707060646
cchan44
65
25
59
49.7
621707060647
cchan45
33
87
36
52.0
621707060648
cchan46
90
24
40
51.3
621707060649
cchan47
46
28
0
24.7
621707060650
cchan48
17
69
14
33.3
621707060651
cchan49
84
57
98
79.7
621707060652
cchan50
56
91
2
49.7
621707060653
cchan51
72
52
36
53.3
621707060654
cchan52
10
27
62
33.0
621707060655
cchan53
75
95
75
81.7
621707060656
cchan54
71
15
52
46.0
621707060657
cchan55
41
92
43
58.7
621707060658
cchan56
95
94
27
72.0
621707060659
cchan57
52
56
67
58.3
621707060660
cchan58
18
87
23
42.7
621707060661
cchan59
25
15
58
32.7
621707060662
cchan60
73
0
49
40.7
621707060663
cchan61
10
2
22
11.3
621707060664
cchan62
35
83
8
42.0
621707060665
cchan63
3
96
59
52.7
621707060666
cchan64
28
7
83
39.3
621707060667
cchan65
59
86
15
53.3
621707060668
cchan66
61
93
48
67.3
621707060669
cchan67
91
87
22
66.7
621707060670
cchan68
3
13
91
35.7
621707060671
cchan69
85
47
48
60.0
621707060672
cchan70
59
49
2
36.7
621707060673
cchan71
24
99
90
71.0
621707060674
cchan72
18
92
86
65.3
621707060675
cchan73
80
66
91
79.0
621707060676
cchan74
74
96
38
69.3
621707060677
cchan75
9
5
74
29.3
621707060678
cchan76
79
85
12
58.7
621707060679
cchan77
54
83
72
69.7
621707060680
cchan78
10
16
71
32.3
621707060681
cchan79
45
62
94
67.0
621707060682
cchan80
57
54
67
59.3
621707060683
cchan81
31
16
50
32.3
621707060684
cchan82
51
15
33
33.0
621707060685
cchan83
11
74
43
42.7
621707060686
cchan84
78
88
49
71.7
621707060687
cchan85
82
55
15
50.7
621707060688
cchan86
9
74
98
60.3
621707060689
cchan87
22
68
46
45.3
621707060690
cchan88
82
4
12
32.7
621707060691
cchan89
28
52
43
41.0
621707060692
cchan90
48
58
91
65.7
621707060693
cchan91
68
47
31
48.7
621707060694
cchan92
75
67
84
75.3
621707060695
cchan93
95
61
90
82.0
621707060696
cchan94
44
84
93
73.7
621707060697
cchan95
74
15
17
35.3
621707060698
cchan96
48
5
65
39.3
621707060699
cchan97
88
19
43
50.0
621707060700
cchan98
67
24
12
34.3
621707060701
cchan99
96
56
1
51.0
621707060702
cchan100
12
70
40
40.7
621707060703
cchan101
45
93
7
48.3
621707060704
cchan102
32
79
97
69.3
621707060705
cchan103
81
0
23
34.7
621707060706
cchan104
85
47
95
75.7
621707060707
cchan105
63
98
27
62.7
621707060708
cchan106
93
19
83
65.0
621707060709
cchan107
4
91
7
34.0
621707060710
cchan108
8
31
87
42.0
621707060711
cchan109
1
2
9
4.0
621707060712
cchan110
77
93
85
85.0
621707060713
cchan111
35
76
6
39.0
621707060714
cchan112
0
81
30
37.0
621707060715
cchan113
13
98
89
66.7
621707060716
cchan114
45
48
25
39.3
621707060717
cchan115
90
95
92
92.3
621707060718
cchan116
49
94
43
62.0
621707060719
cchan117
59
75
4
46.0
621707060720
cchan118
32
70
75
59.0
621707060721
cchan119
32
44
27
34.3
621707060722
cchan120
78
20
33
43.7
621707060723
cchan121
81
8
1
30.0
621707060724
cchan122
48
12
2
20.7
621707060725
cchan123
13
25
15
17.7
621707060726
cchan124
92
49
60
67.0
621707060727
cchan125
75
69
33
59.0
621707060728
cchan126
17
99
75
63.7
621707060729
cchan127
87
97
58
80.7
621707060730
cchan128
89
63
41
64.3
621707060731
cchan129
38
82
6
42.0
621707060732
cchan130
16
88
59
54.3
621707060733
cchan131
69
48
30
49.0
621707060734
cchan132
84
54
98
78.7
621707060735
cchan133
66
4
52
40.7
621707060736
cchan134
56
65
57
59.3
621707060737
cchan135
8
74
36
39.3
621707060738
cchan136
96
74
35
68.3
621707060739
cchan137
7
90
83
60.0
621707060740
cchan138
85
18
91
64.7
621707060741
cchan139
75
70
5
50.0
621707060742
cchan140
93
56
80
76.3
621707060743
cchan141
69
16
17
34.0
621707060744
cchan142
75
72
0
49.0
621707060745
cchan143
76
82
49
69.0
621707060746
cchan144
80
88
17
61.7
621707060747
cchan145
32
70
96
66.0
621707060748
cchan146
43
68
82
64.3
621707060749
cchan147
72
95
86
84.3
621707060750
cchan148
99
26
90
71.7
621707060751
cchan149
98
73
21
64.0
621707060752
cchan150
82
97
93
90.7
621707060753
cchan151
94
67
82
81.0
621707060754
cchan152
31
11
75
39.0
621707060755
cchan153
29
73
72
58.0
621707060756
cchan154
52
67
32
50.3
621707060757
cchan155
73
32
84
63.0
621707060758
cchan156
82
67
70
73.0
621707060759
cchan157
95
98
27
73.3
621707060760
cchan158
7
77
98
60.7
621707060761
cchan159
20
47
99
55.3
621707060762
cchan160
87
25
49
53.7
621707060763
cchan161
99
95
16
70.0
621707060764
cchan162
98
38
55
63.7
621707060765
cchan163
66
54
97
72.3
621707060766
cchan164
94
97
62
84.3
621707060767
cchan165
53
87
50
63.3
621707060768
cchan166
91
81
97
89.7
621707060769
cchan167
53
13
6
24.0
621707060770
cchan168
15
54
66
45.0
621707060771
cchan169
7
31
57
31.7
621707060772
cchan170
82
37
65
61.3
621707060773
cchan171
86
78
32
65.3
621707060774
cchan172
11
36
18
21.7
621707060775
cchan173
5
17
3
8.3
621707060776
cchan174
65
81
81
75.7
621707060777
cchan175
50
52
71
57.7
621707060778
cchan176
69
86
57
70.7
621707060779
cchan177
20
70
43
44.3
621707060780
cchan178
50
64
73
62.3
621707060781
cchan179
57
4
36
32.3
621707060782
cchan180
96
77
27
66.7
621707060783
cchan181
94
64
64
74.0
621707060784
cchan182
78
40
78
65.3
621707060785
cchan183
35
76
55
55.3
621707060786
cchan184
2
21
92
38.3
621707060787
cchan185
30
75
22
42.3
621707060788
cchan186
73
9
72
51.3
621707060789
cchan187
42
76
27
48.3
621707060790
cchan188
46
32
72
50.0
621707060791
cchan189
45
42
51
46.0
621707060792
cchan190
3
53
20
25.3
621707060793
cchan191
29
21
6
18.7
621707060794
cchan192
62
75
76
71.0
621707060795
cchan193
35
96
80
70.3
621707060796
cchan194
24
93
15
44.0
621707060797
cchan195
22
56
12
30.0
621707060798
cchan196
27
79
35
47.0
621707060799
cchan197
39
59
79
59.0
621707060800
cchan198
91
43
28
54.0
621707060801
cchan199
99
35
22
52.0
621707060802
cchan200
50
48
91
63.0
621707060803
cchan201
46
79
76
67.0
621707060804
cchan202
85
26
5
38.7
621707060805
cchan203
66
35
88
63.0
621707060806
cchan204
85
23
86
64.7
621707060807
cchan205
90
13
84
62.3
621707060808
cchan206
83
98
99
93.3
621707060809
cchan207
53
53
45
50.3
621707060810
cchan208
91
83
72
82.0
621707060811
cchan209
25
76
15
38.7
621707060812
cchan210
75
59
75
69.7
621707060813
cchan211
20
26
96
47.3
621707060814
cchan212
76
40
87
67.7
621707060815
cchan213
50
4
41
31.7
621707060816
cchan214
29
60
30
39.7
621707060817
cchan215
87
12
66
55.0
621707060818
cchan216
26
79
40
48.3
621707060819
cchan217
93
48
59
66.7
621707060820
cchan218
27
38
15
26.7
621707060821
cchan219
37
84
49
56.7
621707060822
cchan220
7
53
49
36.3
621707060823
cchan221
54
11
45
36.7
621707060824
cchan222
29
7
53
29.7
621707060825
cchan223
5
25
46
25.3
621707060826
cchan224
28
74
59
53.7
621707060827
cchan225
84
47
21
50.7
621707060828
cchan226
46
61
5
37.3
621707060829
cchan227
48
56
17
40.3
621707060830
cchan228
83
26
12
40.3
621707060831
cchan229
10
62
4
25.3
621707060832
cchan230
1
26
92
39.7
621707060833
cchan231
37
69
47
51.0
621707060834
cchan232
39
5
17
20.3
621707060835
cchan233
69
55
59
61.0
621707060836
cchan234
79
4
72
51.7
621707060837
cchan235
92
15
2
36.3
621707060838
cchan236
64
88
14
55.3
621707060839
cchan237
91
43
24
52.7
621707060840
cchan238
14
70
99
61.0
621707060841
cchan239
29
12
35
25.3
621707060842
cchan240
48
40
23
37.0
621707060843
cchan241
24
69
17
36.7
621707060844
cchan242
40
88
38
55.3
621707060845
cchan243
53
18
19
30.0
621707060846
cchan244
64
58
90
70.7
621707060847
cchan245
37
59
56
50.7
621707060848
cchan246
28
11
25
21.3
621707060849
cchan247
18
58
9
28.3
621707060850
cchan248
68
86
90
81.3
621707060851
cchan249
16
38
24
26.0
621707060852
cchan250
50
69
19
46.0
621707060853
cchan251
0
58
33
30.3
621707060854
cchan252
34
4
85
41.0
621707060855
cchan253
60
65
22
49.0
621707060856
cchan254
71
69
7
49.0
621707060857
cchan255
78
17
3
32.7
621707060858
cchan256
42
4
17
21.0
621707060859
cchan257
30
6
51
29.0
621707060860
cchan258
25
63
95
61.0
621707060861
cchan259
66
65
16
49.0
621707060862
cchan260
95
5
82
60.7
621707060863
cchan261
81
53
40
58.0
621707060864
cchan262
48
11
88
49.0
621707060865
cchan263
17
74
26
39.0
621707060866
cchan264
38
21
48
35.7
621707060867
cchan265
66
29
42
45.7
621707060868
cchan266
72
82
27
60.3
621707060869
cchan267
29
73
9
37.0
621707060870
cchan268
38
82
72
64.0
621707060871
cchan269
48
23
8
26.3
621707060872
cchan270
38
90
72
66.7
621707060873
cchan271
71
81
87
79.7
621707060874
cchan272
71
21
57
49.7
621707060875
cchan273
75
89
90
84.7
621707060876
cchan274
30
51
34
38.3
621707060877
cchan275
32
86
90
69.3
621707060878
cchan276
64
24
98
62.0
621707060879
cchan277
62
90
72
74.7
621707060880
cchan278
79
66
99
81.3
621707060881
cchan279
75
16
52
47.7
621707060882
cchan280
17
9
0
8.7
621707060883
cchan281
56
9
37
34.0
621707060884
cchan282
86
95
22
67.7
621707060885
cchan283
87
68
85
80.0
621707060886
cchan284
88
75
79
80.7
621707060887
cchan285
5
24
61
30.0
621707060888
cchan286
58
34
95
62.3
621707060889
cchan287
91
19
67
59.0
621707060890
cchan288
74
79
25
59.3
621707060891
cchan289
19
16
18
17.7
621707060892
cchan290
17
15
67
33.0
621707060893
cchan291
58
89
32
59.7
621707060894
cchan292
33
72
89
64.7
621707060895
cchan293
70
74
95
79.7
621707060896
cchan294
2
90
17
36.3
621707060897
cchan295
18
33
22
24.3
621707060898
cchan296
74
10
97
60.3
621707060899
cchan297
59
73
12
48.0
621707060900
cchan298
87
54
47
62.7
621707060901
cchan299
92
70
44
68.7
621707060902
cchan300
55
48
30
44.3
621707060903
cchan301
67
37
33
45.7
621707060904
cchan302
76
63
60
66.3
621707060905
cchan303
25
1
96
40.7
621707060906
cchan304
87
42
75
68.0
621707060907
cchan305
95
77
94
88.7
621707060908
cchan306
96
63
54
71.0
621707060909
cchan307
66
53
85
68.0
621707060910
cchan308
84
18
49
50.3
621707060911
cchan309
76
23
74
57.7
621707060912
cchan310
34
25
1
20.0
621707060913
cchan311
2
50
36
29.3
621707060914
cchan312
12
34
80
42.0
621707060915
cchan313
84
5
10
33.0
621707060916
cchan314
5
50
11
22.0
621707060917
cchan315
81
52
55
62.7
621707060918
cchan316
52
29
34
38.3
621707060919
cchan317
88
73
81
80.7
621707060920
cchan318
1
38
91
43.3
621707060921
cchan319
46
99
42
62.3
621707060922
cchan320
84
59
16
53.0
621707060923
cchan321
99
17
40
52.0
621707060924
cchan322
56
48
17
40.3
621707060925
cchan323
39
21
46
35.3
621707060926
cchan324
97
76
65
79.3
621707060927
cchan325
51
71
0
40.7
621707060928
cchan326
4
66
58
42.7
621707060929
cchan327
54
57
14
41.7
621707060930
cchan328
8
32
88
42.7
621707060931
cchan329
31
4
98
44.3
621707060932
cchan330
62
3
79
48.0
621707060933
cchan331
6
37
73
38.7
621707060934
cchan332
62
48
17
42.3
621707060935
cchan333
12
70
94
58.7
621707060936
cchan334
83
90
4
59.0
621707060937
cchan335
84
46
97
75.7
621707060938
cchan336
50
94
23
55.7
621707060939
cchan337
76
39
92
69.0
621707060940
cchan338
62
91
93
82.0
621707060941
cchan339
11
61
20
30.7
621707060942
cchan340
42
79
88
69.7
621707060943
cchan341
59
80
42
60.3
621707060944
cchan342
78
34
32
48.0
621707060945
cchan343
52
70
72
64.7
621707060946
cchan344
61
10
28
33.0
621707060947
cchan345
68
13
63
48.0
621707060948
cchan346
83
49
66
66.0
621707060949
cchan347
16
31
49
32.0
621707060950
cchan348
61
16
43
40.0
621707060951
cchan349
91
84
58
77.7
621707060952
cchan350
72
56
71
66.3
621707060953
cchan351
65
40
29
44.7
621707060954
cchan352
18
82
28
42.7
621707060955
cchan353
63
24
17
34.7
621707060956
cchan354
24
66
82
57.3
621707060957
cchan355
3
8
2
4.3
621707060958
cchan356
5
55
5
21.7
621707060959
cchan357
66
36
42
48.0
621707060960
cchan358
38
38
49
41.7
621707060961
cchan359
15
5
82
34.0
621707060962
cchan360
35
50
66
50.3
621707060963
cchan361
48
29
67
48.0
621707060964
cchan362
26
54
68
49.3
621707060965
cchan363
39
23
96
52.7
621707060966
cchan364
30
23
86
46.3
621707060967
cchan365
38
99
64
67.0
621707060968
cchan366
99
90
36
75.0
621707060969
cchan367
99
66
61
75.3
621707060970
cchan368
41
99
22
54.0
621707060971
cchan369
53
2
67
40.7
621707060972
cchan370
73
17
52
47.3
621707060973
cchan371
11
1
93
35.0
621707060974
cchan372
47
4
36
29.0
621707060975
cchan373
72
59
84
71.7
621707060976
cchan374
23
73
94
63.3
621707060977
cchan375
73
42
50
55.0
621707060978
cchan376
60
85
63
69.3
621707060979
cchan377
63
6
23
30.7
621707060980
cchan378
48
57
35
46.7
621707060981
cchan379
68
78
27
57.7
621707060982
cchan380
11
59
0
23.3
621707060983
cchan381
8
28
15
17.0
621707060984
cchan382
85
17
60
54.0
621707060985
cchan383
11
25
45
27.0
621707060986
cchan384
45
97
85
75.7
621707060987
cchan385
74
8
55
45.7
621707060988
cchan386
3
41
72
38.7
621707060989
cchan387
29
10
65
34.7
621707060990
cchan388
52
33
4
29.7
621707060991
cchan389
95
45
41
60.3
621707060992
cchan390
1
31
40
24.0
621707060993
cchan391
59
5
5
23.0
621707060994
cchan392
40
14
46
33.3
621707060995
cchan393
29
40
12
27.0
621707060996
cchan394
74
48
95
72.3
621707060997
cchan395
41
18
98
52.3
621707060998
cchan396
61
97
45
67.7
621707060999
cchan397
8
66
34
36.0
621707061000
cchan398
81
54
99
78.0
621707061001
cchan399
86
80
85
83.7
621707061002
cchan400
21
25
12
19.3
621707061003
cchan401
20
22
67
36.3
621707061004
cchan402
57
45
80
60.7
621707061005
cchan403
33
36
95
54.7
621707061006
cchan404
48
13
54
38.3
621707061007
cchan405
96
98
54
82.7
621707061008
cchan406
94
74
10
59.3
621707061009
cchan407
90
31
84
68.3
621707061010
cchan408
14
11
77
34.0
621707061011
cchan409
83
36
33
50.7
621707061012
cchan410
70
23
24
39.0
621707061013
cchan411
90
74
3
55.7
621707061014
cchan412
2
88
26
38.7
621707061015
cchan413
8
1
60
23.0
621707061016
cchan414
35
41
33
36.3
621707061017
cchan415
48
39
47
44.7
621707061018
cchan416
81
97
39
72.3
621707061019
cchan417
18
24
21
21.0
621707061020
cchan418
20
11
64
31.7
621707061021
cchan419
48
7
98
51.0
621707061022
cchan420
44
63
49
52.0
621707061023
cchan421
49
26
90
55.0
621707061024
cchan422
37
78
37
50.7
621707061025
cchan423
75
38
5
39.3
621707061026
cchan424
23
6
25
18.0
621707061027
cchan425
85
52
64
67.0
621707061028
cchan426
26
50
91
55.7
621707061029
cchan427
39
12
6
19.0
621707061030
cchan428
99
2
87
62.7
621707061031
cchan429
80
21
95
65.3
621707061032
cchan430
86
66
5
52.3
621707061033
cchan431
30
19
51
33.3
621707061034
cchan432
29
42
28
33.0
621707061035
cchan433
33
55
89
59.0
621707061036
cchan434
19
32
8
19.7
621707061037
cchan435
99
60
20
59.7
621707061038
cchan436
46
39
74
53.0
621707061039
cchan437
33
71
24
42.7
621707061040
cchan438
50
18
10
26.0
621707061041
cchan439
31
72
71
58.0
621707061042
cchan440
10
20
52
27.3
621707061043
cchan441
94
73
27
64.7
621707061044
cchan442
11
91
62
54.7
621707061045
cchan443
33
95
47
58.3
621707061046
cchan444
15
56
19
30.0
621707061047
cchan445
97
34
88
73.0
621707061048
cchan446
0
7
81
29.3
621707061049
cchan447
93
81
93
89.0
621707061050
cchan448
7
50
3
20.0
621707061051
cchan449
45
64
67
58.7
621707061052
cchan450
21
48
86
51.7
621707061053
cchan451
83
42
53
59.3
621707061054
cchan452
8
14
97
39.7
621707061055
cchan453
81
44
14
46.3
621707061056
cchan454
74
46
24
48.0
621707061057
cchan455
43
24
21
29.3
621707061058
cchan456
19
3
85
35.7
621707061059
cchan457
78
0
27
35.0
621707061060
cchan458
5
16
85
35.3
621707061061
cchan459
97
43
74
71.3
621707061062
cchan460
43
81
46
56.7
621707061063
cchan461
69
47
65
60.3
621707061064
cchan462
36
16
19
23.7
621707061065
cchan463
35
59
16
36.7
621707061066
cchan464
57
43
7
35.7
621707061067
cchan465
48
23
10
27.0
621707061068
cchan466
4
82
51
45.7
621707061069
cchan467
42
22
5
23.0
621707061070
cchan468
40
75
91
68.7
621707061071
cchan469
40
22
13
25.0
621707061072
cchan470
85
90
54
76.3
621707061073
cchan471
4
28
64
32.0
621707061074
cchan472
91
29
51
57.0
621707061075
cchan473
0
39
32
23.7
621707061076
cchan474
92
73
97
87.3
621707061077
cchan475
92
80
54
75.3
621707061078
cchan476
82
69
83
78.0
621707061079
cchan477
49
86
17
50.7
621707061080
cchan478
84
0
64
49.3
621707061081
cchan479
78
68
94
80.0
621707061082
cchan480
71
67
84
74.0
621707061083
cchan481
96
85
82
87.7
621707061084
cchan482
90
89
77
85.3
621707061085
cchan483
37
5
97
46.3
621707061086
cchan484
46
80
36
54.0
621707061087
cchan485
49
53
12
38.0
621707061088
cchan486
73
99
41
71.0
621707061089
cchan487
52
42
46
46.7
621707061090
cchan488
62
32
56
50.0
621707061091
cchan489
6
39
94
46.3
621707061092
cchan490
24
5
99
42.7
621707061093
cchan491
94
43
73
70.0
621707061094
cchan492
92
58
22
57.3
621707061095
cchan493
12
57
9
26.0
621707061096
cchan494
58
99
60
72.3
621707061097
cchan495
1
51
12
21.3
621707061098
cchan496
46
79
49
58.0
621707061099
cchan497
69
87
40
65.3
621707061100
cchan498
10
72
44
42.0
621707061101
cchan499
89
32
45
55.3
621707061102
cchan500
51
75
55
60.3
621707061103
cchan501
63
24
65
50.7
621707061104
cchan502
73
69
25
55.7
621707061105
cchan503
4
47
83
44.7
621707061106
cchan504
27
58
84
56.3
621707061107
cchan505
19
64
12
31.7
621707061108
cchan506
68
85
81
78.0
621707061109
cchan507
44
53
18
38.3
621707061110
cchan508
64
97
89
83.3
621707061111
cchan509
38
30
9
25.7
621707061112
cchan510
76
64
70
70.0
621707061113
cchan511
76
23
94
64.3
621707061114
cchan512
55
8
11
24.7
621707061115
cchan513
43
98
50
63.7
621707061116
cchan514
61
51
91
67.7
621707061117
cchan515
24
19
21
21.3
621707061118
cchan516
76
5
7
29.3
621707061119
cchan517
57
96
69
74.0
621707061120
cchan518
10
92
57
53.0
621707061121
cchan519
9
28
46
27.7
621707061122
cchan520
25
92
46
54.3
621707061123
cchan521
62
42
70
58.0
621707061124
cchan522
12
47
50
36.3
621707061125
cchan523
90
1
26
39.0
621707061126
cchan524
90
93
90
91.0
621707061127
cchan525
64
64
42
56.7
621707061128
cchan526
64
0
1
21.7
621707061129
cchan527
19
36
44
33.0
621707061130
cchan528
32
38
39
36.3
621707061131
cchan529
13
16
42
23.7
621707061132
cchan530
20
64
78
54.0
621707061133
cchan531
98
40
59
65.7
621707061134
cchan532
21
90
10
40.3
621707061135
cchan533
72
56
0
42.7
621707061136
cchan534
47
30
63
46.7
621707061137
cchan535
44
65
35
48.0
621707061138
cchan536
52
94
12
52.7
621707061139
cchan537
16
94
84
64.7
621707061140
cchan538
80
91
41
70.7
621707061141
cchan539
71
84
30
61.7
621707061142
cchan540
68
22
63
51.0
621707061143
cchan541
31
6
27
21.3
621707061144
cchan542
27
89
43
53.0
621707061145
cchan543
2
8
59
23.0
621707061146
cchan544
0
65
58
41.0
621707061147
cchan545
79
12
29
40.0
621707061148
cchan546
35
75
0
36.7
621707061149
cchan547
94
3
43
46.7
621707061150
cchan548
76
13
35
41.3
621707061151
cchan549
2
54
99
51.7
621707061152
cchan550
14
57
14
28.3
621707061153
cchan551
90
27
79
65.3
621707061154
cchan552
44
72
90
68.7
621707061155
cchan553
90
7
84
60.3
621707061156
cchan554
40
9
77
42.0
621707061157
cchan555
66
84
18
56.0
621707061158
cchan556
25
63
91
59.7
621707061159
cchan557
7
61
3
23.7
621707061160
cchan558
86
17
54
52.3
621707061161
cchan559
26
98
28
50.7
621707061162
cchan560
32
7
81
40.0
621707061163
cchan561
74
98
31
67.7
621707061164
cchan562
0
21
88
36.3
621707061165
cchan563
96
8
85
63.0
621707061166
cchan564
8
3
19
10.0
621707061167
cchan565
80
51
14
48.3
621707061168
cchan566
93
57
16
55.3
621707061169
cchan567
45
17
21
27.7
621707061170
cchan568
57
20
30
35.7
621707061171
cchan569
52
19
55
42.0
621707061172
cchan570
41
82
68
63.7
621707061173
cchan571
73
51
13
45.7
621707061174
cchan572
39
94
56
63.0
621707061175
cchan573
90
33
28
50.3
621707061176
cchan574
86
65
26
59.0
621707061177
cchan575
10
20
15
15.0
621707061178
cchan576
70
0
7
25.7
621707061179
cchan577
85
73
32
63.3
621707061180
cchan578
85
65
15
55.0
621707061181
cchan579
69
60
87
72.0
621707061182
cchan580
57
62
60
59.7
621707061183
cchan581
1
26
92
39.7
621707061184
cchan582
39
1
61
33.7
621707061185
cchan583
81
93
89
87.7
621707061186
cchan584
92
89
34
71.7
621707061187
cchan585
37
63
91
63.7
621707061188
cchan586
63
84
12
53.0
621707061189
cchan587
15
37
48
33.3
621707061190
cchan588
64
14
70
49.3
621707061191
cchan589
18
16
17
17.0
621707061192
cchan590
34
26
37
32.3
621707061193
cchan591
74
61
11
48.7
621707061194
cchan592
10
70
87
55.7
621707061195
cchan593
0
94
88
60.7
621707061196
cchan594
92
47
59
66.0
621707061197
cchan595
76
95
99
90.0
621707061198
cchan596
71
41
45
52.3
621707061199
cchan597
16
32
98
48.7
621707061200
cchan598
56
40
37
44.3
621707061201
cchan599
29
11
82
40.7
621707061202
cchan600
96
3
46
48.3
621707061203
cchan601
88
11
13
37.3
621707061204
cchan602
45
29
66
46.7
621707061205
cchan603
9
86
85
60.0
621707061206
cchan604
7
14
45
22.0
621707061207
cchan605
18
85
64
55.7
621707061208
cchan606
43
34
68
48.3
621707061209
cchan607
20
65
30
38.3
621707061210
cchan608
18
7
65
30.0
621707061211
cchan609
22
36
73
43.7
621707061212
cchan610
43
10
10
21.0
621707061213
cchan611
86
5
45
45.3
621707061214
cchan612
24
35
96
51.7
621707061215
cchan613
75
13
1
29.7
621707061216
cchan614
50
30
74
51.3
621707061217
cchan615
74
80
97
83.7
621707061218
cchan616
45
29
0
24.7
621707061219
cchan617
58
13
22
31.0
621707061220
cchan618
75
70
82
75.7
621707061221
cchan619
62
85
93
80.0
621707061222
cchan620
26
19
95
46.7
621707061223
cchan621
36
74
59
56.3
621707061224
cchan622
24
40
58
40.7
621707061225
cchan623
14
4
4
7.3
621707061226
cchan624
12
17
20
16.3
621707061227
cchan625
43
66
52
53.7
621707061228
cchan626
83
22
3
36.0
621707061229
cchan627
20
32
96
49.3
621707061230
cchan628
18
28
11
19.0
621707061231
cchan629
38
66
82
62.0
621707061232
cchan630
0
14
55
23.0
621707061233
cchan631
50
52
39
47.0
621707061234
cchan632
28
48
80
52.0
621707061235
cchan633
82
40
6
42.7
621707061236
cchan634
98
97
26
73.7
621707061237
cchan635
1
58
48
35.7
621707061238
cchan636
40
94
55
63.0
621707061239
cchan637
89
43
1
44.3
621707061240
cchan638
98
50
23
57.0
621707061241
cchan639
94
30
92
72.0
621707061242
cchan640
92
87
2
60.3
621707061243
cchan641
47
99
11
52.3
621707061244
cchan642
7
23
49
26.3
621707061245
cchan643
49
13
69
43.7
621707061246
cchan644
45
95
81
73.7
621707061247
cchan645
13
56
99
56.0
621707061248
cchan646
74
6
26
35.3
621707061249
cchan647
73
90
99
87.3
621707061250
cchan648
99
65
10
58.0
621707061251
cchan649
86
0
15
33.7
621707061252
cchan650
59
69
8
45.3
621707061253
cchan651
43
99
84
75.3
621707061254
cchan652
14
82
78
58.0
621707061255
cchan653
17
75
95
62.3
621707061256
cchan654
91
2
65
52.7
621707061257
cchan655
29
98
24
50.3
621707061258
cchan656
15
51
61
42.3
621707061259
cchan657
7
13
31
17.0
621707061260
cchan658
94
20
34
49.3
621707061261
cchan659
59
97
92
82.7
621707061262
cchan660
35
98
66
66.3
621707061263
cchan661
43
97
8
49.3
621707061264
cchan662
15
5
88
36.0
621707061265
cchan663
89
68
63
73.3
621707061266
cchan664
14
73
51
46.0
621707061267
cchan665
52
77
31
53.3
621707061268
cchan666
14
44
0
19.3
621707061269
cchan667
50
38
11
33.0
621707061270
cchan668
23
76
34
44.3
621707061271
cchan669
74
24
58
52.0
621707061272
cchan670
85
92
57
78.0
621707061273
cchan671
56
2
22
26.7
621707061274
cchan672
45
48
48
47.0
621707061275
cchan673
95
5
33
44.3
621707061276
cchan674
72
94
77
81.0
621707061277
cchan675
10
74
30
38.0
621707061278
cchan676
23
72
51
48.7
621707061279
cchan677
89
89
38
72.0
621707061280
cchan678
89
33
6
42.7
621707061281
cchan679
45
20
37
34.0
621707061282
cchan680
90
33
95
72.7
621707061283
cchan681
82
54
13
49.7
621707061284
cchan682
79
12
95
62.0
621707061285
cchan683
2
54
74
43.3
621707061286
cchan684
34
21
72
42.3
621707061287
cchan685
55
41
14
36.7
621707061288
cchan686
1
56
9
22.0
621707061289
cchan687
59
97
55
70.3
621707061290
cchan688
60
86
39
61.7
621707061291
cchan689
76
46
48
56.7
621707061292
cchan690
86
43
59
62.7
621707061293
cchan691
28
7
35
23.3
621707061294
cchan692
87
89
8
61.3
621707061295
cchan693
58
21
75
51.3
621707061296
cchan694
50
84
73
69.0
621707061297
cchan695
79
8
99
62.0
621707061298
cchan696
68
71
57
65.3
621707061299
cchan697
28
8
4
13.3
621707061300
cchan698
1
15
70
28.7
621707061301
cchan699
54
47
18
39.7
621707061302
cchan700
76
44
92
70.7
621707061303
cchan701
12
70
12
31.3
621707061304
cchan702
14
25
21
20.0
621707061305
cchan703
40
93
5
46.0
621707061306
cchan704
94
22
40
52.0
621707061307
cchan705
82
14
19
38.3
621707061308
cchan706
26
68
72
55.3
621707061309
cchan707
50
43
71
54.7
621707061310
cchan708
13
37
70
40.0
621707061311
cchan709
73
29
55
52.3
621707061312
cchan710
44
53
6
34.3
621707061313
cchan711
27
18
21
22.0
621707061314
cchan712
26
72
18
38.7
621707061315
cchan713
93
67
96
85.3
621707061316
cchan714
85
0
46
43.7
621707061317
cchan715
31
13
93
45.7
621707061318
cchan716
52
8
17
25.7
621707061319
cchan717
29
90
6
41.7
621707061320
cchan718
66
5
59
43.3
621707061321
cchan719
7
19
2
9.3
621707061322
cchan720
96
66
99
87.0
621707061323
cchan721
19
39
0
19.3
621707061324
cchan722
97
64
72
77.7
621707061325
cchan723
59
5
22
28.7
621707061326
cchan724
89
12
61
54.0
621707061327
cchan725
48
68
53
56.3
621707061328
cchan726
47
13
67
42.3
621707061329
cchan727
30
53
10
31.0
621707061330
cchan728
67
60
63
63.3
621707061331
cchan729
56
0
36
30.7
621707061332
cchan730
5
39
79
41.0
621707061333
cchan731
12
17
64
31.0
621707061334
cchan732
20
6
89
38.3
621707061335
cchan733
71
7
81
53.0
621707061336
cchan734
40
48
88
58.7
621707061337
cchan735
48
40
96
61.3
621707061338
cchan736
43
96
21
53.3
621707061339
cchan737
70
50
94
71.3
621707061340
cchan738
73
98
47
72.7
621707061341
cchan739
77
88
96
87.0
621707061342
cchan740
46
45
87
59.3
621707061343
cchan741
10
47
92
49.7
621707061344
cchan742
92
19
43
51.3
621707061345
cchan743
15
69
67
50.3
621707061346
cchan744
22
19
35
25.3
621707061347
cchan745
60
56
81
65.7
621707061348
cchan746
63
2
89
51.3
621707061349
cchan747
24
33
57
38.0
621707061350
cchan748
36
64
5
35.0
621707061351
cchan749
70
96
16
60.7
621707061352
cchan750
36
15
11
20.7
621707061353
cchan751
80
25
23
42.7
621707061354
cchan752
96
10
70
58.7
621707061355
cchan753
40
45
51
45.3
621707061356
cchan754
72
77
4
51.0
621707061357
cchan755
14
14
35
21.0
621707061358
cchan756
37
21
91
49.7
621707061359
cchan757
37
90
2
43.0
621707061360
cchan758
21
34
31
28.7
621707061361
cchan759
50
2
96
49.3
621707061362
cchan760
80
40
77
65.7
621707061363
cchan761
89
68
23
60.0
621707061364
cchan762
37
84
76
65.7
621707061365
cchan763
34
0
69
34.3
621707061366
cchan764
77
51
19
49.0
621707061367
cchan765
33
88
90
70.3
621707061368
cchan766
34
61
88
61.0
621707061369
cchan767
30
17
35
27.3
621707061370
cchan768
95
54
48
65.7
621707061371
cchan769
90
87
93
90.0
621707061372
cchan770
17
24
28
23.0
621707061373
cchan771
90
31
21
47.3
621707061374
cchan772
14
21
91
42.0
621707061375
cchan773
19
68
73
53.3
621707061376
cchan774
26
12
85
41.0
621707061377
cchan775
84
54
32
56.7
621707061378
cchan776
70
86
97
84.3
621707061379
cchan777
75
31
11
39.0
621707061380
cchan778
9
18
70
32.3
621707061381
cchan779
10
62
73
48.3
621707061382
cchan780
57
98
95
83.3
621707061383
cchan781
24
80
92
65.3
621707061384
cchan782
72
40
10
40.7
621707061385
cchan783
3
85
79
55.7
621707061386
cchan784
12
47
62
40.3
621707061387
cchan785
57
48
24
43.0
621707061388
cchan786
53
2
2
19.0
621707061389
cchan787
16
60
7
27.7
621707061390
cchan788
3
40
19
20.7
621707061391
cchan789
92
22
44
52.7
621707061392
cchan790
41
28
86
51.7
621707061393
cchan791
58
69
23
50.0
621707061394
cchan792
67
85
48
66.7
621707061395
cchan793
16
64
66
48.7
621707061396
cchan794
93
89
56
79.3
621707061397
cchan795
49
12
48
36.3
621707061398
cchan796
27
93
70
63.3
621707061399
cchan797
33
59
7
33.0
621707061400
cchan798
78
30
75
61.0
621707061401
cchan799
93
90
85
89.3
621707061402
cchan800
34
80
72
62.0
621707061403
cchan801
86
71
77
78.0
621707061404
cchan802
39
20
98
52.3
621707061405
cchan803
76
23
34
44.3
621707061406
cchan804
85
87
98
90.0
621707061407
cchan805
77
54
82
71.0
621707061408
cchan806
79
43
92
71.3
621707061409
cchan807
63
5
83
50.3
621707061410
cchan808
64
8
24
32.0
621707061411
cchan809
84
12
97
64.3
621707061412
cchan810
3
86
37
42.0
621707061413
cchan811
58
47
83
62.7
621707061414
cchan812
51
84
72
69.0
621707061415
cchan813
25
59
46
43.3
621707061416
cchan814
98
0
85
61.0
621707061417
cchan815
92
34
92
72.7
621707061418
cchan816
58
26
68
50.7
621707061419
cchan817
90
86
65
80.3
621707061420
cchan818
42
82
29
51.0
621707061421
cchan819
17
20
58
31.7
621707061422
cchan820
9
20
95
41.3
621707061423
cchan821
73
11
55
46.3
621707061424
cchan822
73
97
26
65.3
621707061425
cchan823
72
46
85
67.7
621707061426
cchan824
64
75
92
77.0
621707061427
cchan825
90
73
78
80.3
621707061428
cchan826
76
79
93
82.7
621707061429
cchan827
1
69
62
44.0
621707061430
cchan828
69
69
48
62.0
621707061431
cchan829
28
93
25
48.7
621707061432
cchan830
32
58
32
40.7
621707061433
cchan831
64
44
12
40.0
621707061434
cchan832
51
32
56
46.3
621707061435
cchan833
91
18
90
66.3
621707061436
cchan834
92
59
64
71.7
621707061437
cchan835
1
98
71
56.7
621707061438
cchan836
98
89
26
71.0
621707061439
cchan837
64
55
90
69.7
621707061440
cchan838
9
39
31
26.3
621707061441
cchan839
81
90
52
74.3
621707061442
cchan840
45
99
46
63.3
621707061443
cchan841
75
2
3
26.7
621707061444
cchan842
74
59
85
72.7
621707061445
cchan843
70
91
83
81.3
621707061446
cchan844
58
51
88
65.7
621707061447
cchan845
91
38
64
64.3
621707061448
cchan846
63
13
48
41.3
621707061449
cchan847
0
13
8
7.0
621707061450
cchan848
37
30
64
43.7
621707061451
cchan849
1
96
67
54.7
621707061452
cchan850
30
70
1
33.7
621707061453
cchan851
41
17
58
38.7
621707061454
cchan852
24
56
50
43.3
621707061455
cchan853
57
8
85
50.0
621707061456
cchan854
32
11
8
17.0
621707061457
cchan855
80
68
4
50.7
621707061458
cchan856
52
21
79
50.7
621707061459
cchan857
38
66
39
47.7
621707061460
cchan858
72
71
3
48.7
621707061461
cchan859
87
40
96
74.3
621707061462
cchan860
26
37
63
42.0
621707061463
cchan861
14
91
31
45.3
621707061464
cchan862
83
6
27
38.7
621707061465
cchan863
83
64
12
53.0
621707061466
cchan864
54
96
91
80.3
621707061467
cchan865
91
33
76
66.7
621707061468
cchan866
44
20
24
29.3
621707061469
cchan867
1
92
66
53.0
621707061470
cchan868
74
12
45
43.7
621707061471
cchan869
61
6
0
22.3
621707061472
cchan870
38
43
21
34.0
621707061473
cchan871
80
5
42
42.3
621707061474
cchan872
99
72
21
64.0
621707061475
cchan873
13
41
2
18.7
621707061476
cchan874
10
10
55
25.0
621707061477
cchan875
31
61
24
38.7
621707061478
cchan876
4
79
17
33.3
621707061479
cchan877
26
24
17
22.3
621707061480
cchan878
44
72
53
56.3
621707061481
cchan879
24
7
74
35.0
621707061482
cchan880
31
19
21
23.7
621707061483
cchan881
58
1
9
22.7
621707061484
cchan882
57
71
66
64.7
621707061485
cchan883
19
69
62
50.0
621707061486
cchan884
40
3
58
33.7
621707061487
cchan885
32
47
92
57.0
621707061488
cchan886
47
94
55
65.3
621707061489
cchan887
60
83
67
70.0
621707061490
cchan888
61
12
33
35.3
621707061491
cchan889
60
72
80
70.7
621707061492
cchan890
0
47
40
29.0
621707061493
cchan891
32
99
54
61.7
621707061494
cchan892
29
50
52
43.7
621707061495
cchan893
8
70
84
54.0
621707061496
cchan894
95
42
59
65.3
621707061497
cchan895
12
57
64
44.3
621707061498
cchan896
18
25
19
20.7
621707061499
cchan897
20
61
37
39.3
621707061500
cchan898
37
25
91
51.0
621707061501
cchan899
45
82
18
48.3
621707061502
cchan900
72
84
69
75.0
621707061503
cchan901
11
32
89
44.0
621707061504
cchan902
74
73
63
70.0
621707061505
cchan903
82
60
92
78.0
621707061506
cchan904
74
55
34
54.3
621707061507
cchan905
8
72
69
49.7
621707061508
cchan906
95
95
60
83.3
621707061509
cchan907
72
2
65
46.3
621707061510
cchan908
8
38
77
41.0
621707061511
cchan909
23
6
90
39.7
621707061512
cchan910
57
14
50
40.3
621707061513
cchan911
25
41
24
30.0
621707061514
cchan912
51
26
99
58.7
621707061515
cchan913
63
15
15
31.0
621707061516
cchan914
73
86
98
85.7
621707061517
cchan915
80
27
75
60.7
621707061518
cchan916
43
75
44
54.0
621707061519
cchan917
53
68
17
46.0
621707061520
cchan918
75
67
8
50.0
621707061521
cchan919
99
40
78
72.3
621707061522
cchan920
48
8
10
22.0
621707061523
cchan921
8
33
2
14.3
621707061524
cchan922
92
81
74
82.3
621707061525
cchan923
7
99
7
37.7
621707061526
cchan924
15
10
98
41.0
621707061527
cchan925
65
19
97
60.3
621707061528
cchan926
70
57
21
49.3
621707061529
cchan927
61
12
0
24.3
621707061530
cchan928
1
74
75
50.0
621707061531
cchan929
6
48
75
43.0
621707061532
cchan930
61
2
52
38.3
621707061533
cchan931
47
27
46
40.0
621707061534
cchan932
90
86
39
71.7
621707061535
cchan933
2
80
66
49.3
621707061536
cchan934
19
54
14
29.0
621707061537
cchan935
40
60
48
49.3
621707061538
cchan936
38
98
76
70.7
621707061539
cchan937
99
86
57
80.7
621707061540
cchan938
51
90
72
71.0
621707061541
cchan939
34
90
3
42.3
621707061542
cchan940
15
70
90
58.3
621707061543
cchan941
59
3
56
39.3
621707061544
cchan942
77
91
81
83.0
621707061545
cchan943
56
75
44
58.3
621707061546
cchan944
19
45
41
35.0
621707061547
cchan945
88
9
28
41.7
621707061548
cchan946
67
73
83
74.3
621707061549
cchan947
76
67
88
77.0
621707061550
cchan948
31
42
81
51.3
621707061551
cchan949
89
6
37
44.0
621707061552
cchan950
14
3
15
10.7
621707061553
cchan951
5
77
28
36.7
621707061554
cchan952
71
85
33
63.0
621707061555
cchan953
95
73
81
83.0
621707061556
cchan954
7
0
27
11.3
621707061557
cchan955
63
15
46
41.3
621707061558
cchan956
47
56
55
52.7
621707061559
cchan957
11
64
43
39.3
621707061560
cchan958
1
22
52
25.0
621707061561
cchan959
3
19
4
8.7
621707061562
cchan960
53
56
5
38.0
621707061563
cchan961
18
30
32
26.7
621707061564
cchan962
81
54
41
58.7
621707061565
cchan963
27
69
81
59.0
621707061566
cchan964
24
29
0
17.7
621707061567
cchan965
74
69
29
57.3
621707061568
cchan966
14
29
90
44.3
621707061569
cchan967
34
0
92
42.0
621707061570
cchan968
78
58
55
63.7
621707061571
cchan969
67
38
43
49.3
621707061572
cchan970
35
87
63
61.7
621707061573
cchan971
5
0
68
24.3
621707061574
cchan972
12
86
72
56.7
621707061575
cchan973
10
89
68
55.7
621707061576
cchan974
95
82
91
89.3
621707061577
cchan975
6
5
41
17.3
621707061578
cchan976
98
3
44
48.3
621707061579
cchan977
49
16
81
48.7
621707061580
cchan978
11
17
16
14.7
621707061581
cchan979
32
27
98
52.3
621707061582
cchan980
75
1
81
52.3
621707061583
cchan981
0
18
98
38.7
621707061584
cchan982
88
45
13
48.7
621707061585
cchan983
45
82
99
75.3
621707061586
cchan984
75
91
22
62.7
621707061587
cchan985
21
98
59
59.3
621707061588
cchan986
84
1
84
56.3
621707061589
cchan987
14
49
66
43.0
621707061590
cchan988
45
66
87
66.0
621707061591
cchan989
31
80
19
43.3
621707061592
cchan990
79
69
65
71.0
621707061593
cchan991
6
17
4
9.0
621707061594
cchan992
73
1
55
43.0
621707061595
cchan993
90
1
70
53.7
621707061596
cchan994
83
75
0
52.7
621707061597
cchan995
88
16
87
63.7
621707061598
cchan996
84
31
51
55.3
621707061599
cchan997
11
27
1
13.0
621707061600
cchan998
87
62
54
67.7
621707061601
cchan999
71
49
52
57.3
631707060613
cchan11
71
94
77
80.7
631707060613
cchan11
57
40
65
54.0
